$ANSIBLE_VAULT;1.1;AES256
64633831353438376337616163333938623563663036376535643436393437616430663535326431
3435376336646566313064313530323661383837316164300a653930653964633666303935303435
34326437373664633063303730316562303165656463366461396138386365346535663064636434
3263623466316137620a613736363732373835663461643463366161316333653462636531626633
31646565613235396138346333323236383635366535363466636337373064343338383164613130
36383939396133366536613632353137373465386437323930326538313434393561626633633962
37626334323133663638323665353836626238616335363933363235616664313763316230393066
61656162613836326132353865623031316135323365373539653566616161376363313465623137
39353365313436353038323761613864306663363039383835623638613638326162636363623336
35343461376436313435633438363463333561376539333563356631343430643333653836363734
34353939393635363634343336373334356364643861353530393732386664363235616564333564
34653632303262346132653136383231333536396261613637613765363765393731626336373831
3534
