$ANSIBLE_VAULT;1.1;AES256
30346461313931383238643661326466326438663533356362363234663734303865366339633462
3764323330386564393731373662373031613765373038650a383433323037613764383730333835
34643535353565363539623133633839643838363562623461316639363739366166373961656136
6132346530323531320a353361623761383663303533353963363762353831356162303436376633
33353039396662326165366365346464323538316164333038393639383031636161363262376336
30363164356462643131323638353761303938666530623363386666366137666536636637386466
32306239613637643963303434303230316533643538613134393461333861316362623436343035
65356633363432666539323236666665643537373264633161376136393165393662343333353939
34333162343230653434663032623838303131363436396435663339626664343066663163363931
63313933383439663033646137376634383436303062626138353965343362336161633331306437
33363030633065623434393134343330643036663761343530373739626330653631656564616536
37326331646333323061626631363137363736666263363238303736383964386132616166376364
35343432643730323735613036653836303864353865616361393465613230323861393165626266
30353963613131653663376664613038656164386335396636373066626134336564333165613436
39626664613630336266393162626561383539623639316138656561373738313264666265613631
62643934373631376530303765626531306136306361653735626637383565373135303733323331
65646137636635333334393261663138366239373833396231303632393631333835383836613831
61626231643365383163353938646335636432386436396636393133623333393534613633656138
66646462646538643231393739613838353234316632646663343336666633646639336666326136
35393538313965313165633961663233383665363633656432643630666163653263346362353065
31393335353837663061383934636365326665663738396233363333376134326131613730323036
38386162376134363034623332383964666334613565356437643661343631363865373366663035
61386333333066333763616135353937376336303565393236326130366432343565313166326537
37653338346133306234623431313434353065313462346131333365613138343662393465303039
66323438373330396236386333396537396365356361306230303265356131396665623964396133
31633632613231616337306564373333626264316164613539643264303961613331616538326366
32303663333231333131393363303338643531613737383737366332646231336364633933313136
61313237643461313339663965633135623538336537653135323862323732636666646566386263
66376536366361326562313531323863663938343361326662373935373732373030383136643361
34303565353032373831376466313535613330363466363763633137313634353061343139393534
33656234643538653535386664366433393835336635313863633262643564633639373765346433
34326431613135373363396365306464343236376262386464646161656361616136373862346536
38333630633064333530386233393933636264633636393262313631333730353839623330656339
66663735313266326136353536343363383536383631646330323766346266303935663438613263
37313831343564663364373435303333666137656335623865646562623965646439366434623262
31303339383737353761363633323265336162313138663735393864393066616232636666383762
64346337666563653234373735383339373130653739366263326432636336393931653864303430
34306563386665363937313139363231306136346233383433323866346532653963643732653339
39373365373833363334393838623962343437396165633439393432376232623761373238616636
37323934326465623232393632376163616434626239663436626465663036666130393932383233
38636332613130313631623138643234326431333130333832633934626663636561346461363938
64663065333830656536653562613438303636303235653661613139656265626634343035346461
34663539316264643561346236333437626665333733373738653439323731613135313465343562
64623065656565393431613866356165303864386465353838656462646662653732313839613665
33303534646665653333366430396138373763323737333539656661353438386364336234613963
38353534343166383937613862366263393539373436633436323539336162336336643362303130
39383530343839653936353632633931363933653065326137653532363635373164366639373439
32653331363338333830363563656636623133386335326232333765643336336131333930333338
66643361633663353331623436373336313865376336386361336639323330656366383438366665
66643337313361373434626334636264656136333865346234393938393861663035333835343032
37373030353238653966626332383965656234393464326338653062303436623461666334353934
63376662343635386239323131653832646637363139393237393730373833396162653038636164
33346632313237326333643338616666313863366634353438303437356563333363616236313531
36623862626132373138376563303966623738653763306232373534636462626665666663346239
62366463666265383662626231303963333032313563356331613430393466663366663934393834
35346263373163616538393735373934363537356636656161613563376438653830336435323566
34663339363838633637656366666336663531396536393065643938653066653239653836383661
66656336383863663938636334356630396538613731613537633534376463356539656435626538
66323535653561343464303962353631303763616433393437333333396538656238306364346439
32636230643861336530306638656132616363373532393139626431616434623764613763353063
33316235313763313031663233626463396465306266336136333136336231353731613163303861
30393365383665333439376438373763336362663037336665343763353838343132373363303865
38656331613038616534393135343734396334313463646636616131316535366261376464656330
35653366396361373065633465373166336538373263613937356134313739363162646634646637
64613639333063373630636161353866626265353137313533653038383031313664343832333433
38373561613639373236393664366633373231343134306331356363313235376332303561393230
37393239336437333837343636666137386561646137666233346635343933623738643162373066
66313461313336616661363132636330616165353435363836386564656437633439373931303831
35643665623063336532376465333664343739636163613935613934653735313634643232323663
64396366343065633031316166353432366166323731623431633630393766313261346365356663
35653363643764323431386261373937326639326633376362376461613138336131356636653336
63353234316261386536636366633263653439363533323764326561616664623739383062343731
65626362386133383766336263393662653234336138653236666335363631363165336634373332
64386464373665383233353564643831666366386332353233613637633866613933623632373634
66383834343239663833653935346539656338336330386139313762313735663331663665666631
35346135323736386635383363656637616335633135303065666236623933383136613638363364
63336662346331663766333336626536373734666334663963656537646338393730653837623830
66393730333633646362653135326161383835316233326535303635393965373735666466643130
62383336383238336334303862306561313238383936316430343439336330393166633230646234
66396133353732613363623765343536663365623262383939653838326665336364333562353035
62656364346235663732653566323539633634653763363565343566643635306130303133653133
65636664613033383134333366396336346165613961376236326135333163303636323563613839
34626530363231373530613564366666353739643534646566323235376137643538343636336636
36653935343131613239363231326130333863386430393834313835643562396462633666646364
63663865376536613366623963643231646561363561613130376561306138356566333164626332
62313035666536333230373931373061376239613531373731653136376131353265326439383638
34363231623066346135333531396164366139306131623439633639663433363139343161376233
30653363623033303261373365623931356631633130383862346464363463656165333861303961
30666162633539623430343864343632396432656463643032623963326532306361316639366161
32323938653265336664653261343032313665336230313036653538396230663563376565316433
63633062623434313937616463643536393036623836306538626165386133616637633066363165
64616331643137373365353030313136303437333035373566653238656130623134616263623936
33633561633165353261323963663732373861643265313062316330363133656432613536366266
33393966353732346536363435646631616537366634343435613130383936613664333239313035
64353137333131613339373737313365666562326637343636323731613038376563613730303761
33623539636636666137353832653036363234616438303336383238646438613432623137383865
63303465613331346536646630303763323234636162616166393832313262366438643739396532
36393638633137643134663231643530383135626636336336373033646639383436633334386161
38333466366231303333363430626362303133383235666163366565623364643138393632643435
37353830656234636331623838626662613537663539363162326238323132646339373931376565
62653531323738623735386563373033663163666137306435353534356533613062616661363937
35383434373761333461313936383031373264346362653337623339643463356234656261323735
30666335643836616163393665663035626339373630663932326566346534383536633738653839
36386139666332393833366534653638393066313338646632623533336134666235303364396664
37643335393333643763663638346534316237396434326431386530643964343137333263636537
31366432626434313663313964613031303235653530303735663634343734656532383162373739
39333038656564643162346338303132343735303465313036383663376363656664336362353035
66393165396534643830666631333736306661353432343337323132366334623538663634343135
66636535653937666430396337666238626461663862373230316166393231333163643239666562
61646665313634356536383466306139656262613735376630623865626538356366646139366432
33373665366230346439343430316262323431616539306332613933346466303336373361663537
62643237643962386535316533636162383734376462396333353666313230623035626634646432
37346266623964353561623134383062383639343266363332313531353530363766313661653530
37343563376263383064643166613532386230643537313664373463313735323132323738613361
66396665393862623236326430616233333731323766346533346232613135363033643166323265
63393734383930373962353736356465363137386664333861623630356531623133346364336536
63356331343730643232323263663266356430623334346232323930363262306362363163666335
64316634306163353431383831356431383735633162356234306366633861366363336461333465
39303532346163393362313564303836373839353335336530333239626265623632653235383739
33653065613630366237306336383830386532633562373030386338343565363236333232663832
36313339343633313435343261396232376364326562656630353566393664363237303466633465
32656464633039373031396139393630666265393431373565353331383463363234656132336637
35343063653364656132656661623832636364366663303235373131316566393434613737326335
62663931333939363332343466383839316234636237383231316663343735396438653063366563
64613366666333383936663932363563653961396336353931666165613036393566363532356165
32633834613135646339636663623831666436666239383731623235393562666432313362636639
62383038363836666637363662656338323161623534633339313031373630623061343639366635
62643462396431376461366338663037613664633161323036636466376330336462373230643230
39626530373864383164646231393537326364666638343861646561313034363934623332633130
62316532663830393265386231396632353733386438643336373962663332643065373630633565
33346330633435636636316162383166366132626364313838643964393931396532313831653530
33353366613236646333363338656166363431353961636166613236323037333562616263336235
31313939313263343639316135356139633232373832656631333934323739623039336533386239
36323561376164363635656635353737303434323762383265383133353865303666373931306435
65633630356238656636613830313362636666333061656266356131623732303735663364626238
63313536363036366534623135323163323133363639363331633537633230323030343039616335
61343237336634386366306236303232663938393935313866323831623937636631353464643231
31363837386661366430653332356631363464656139663134333434613737333364393233363964
39646662323733663565656433366661303965313837366266636530323961336637383538333338
36346231663835383632613831356535393734643437623331643330313164303435643238343161
34333362656261383539386537663633396530333363313630306361643134316530393739393235
35383239613633383337663136653432656237653637343366376538353530313136656265616532
30646664373237366564306236656462613862373431356330313031646266313238353732663836
34613131353564303539383361326634613265653761666530303639376133653463363639376239
61633539323035646366383963613731353832643032626437643835666339363635613966376661
66613838636463356464343230313335656530616363613338366332386561316264383064313162
62326137306430653430633266343865323032653530633135386438303037646634396230323435
63663931313164316565303366393235393266333765346335393561636636313937323864333864
61353439303238663635326238636465386534363636366466666332393832613662613737356665
34616333396632636262333534393131303762303064653565333134663333313564333233316532
36623461633830303764656465643666363635666631326437316638663366623937393235346235
39386264353533333863663230363639323939633939663635336636303130626364333833303964
63633938663334336361363465383236346635373630613565326435356439326630363930303462
61666539373965653662343664396166383263343764393336336366613162393264646661633537
62386266396535366132666633323536326132316137383662613137323435376231333362353031
63393433343138356532396438323939313463386634323865623939323635623462343632616565
65336134623535353233346333663433303562353639666139313633663866383535313338313530
66366633663135333066356232306564343363666132626137613432656465626664633964643733
39633738333236323866323630333163313639633531386635653433613935326335633834613265
62653639613663623034316539383330356532386530323637356633356435363130663131663431
32373632646463343334393031363030663235343231396234366237363861333564326266383463
64306561396363636237653939336166353032613766343037636137653935643732303437623137
35313031346433616664333132333031303664613632666633646335323637316135336138616233
62323063396136373338323138343031313966656631383838653737323531333562366436313966
33393637613764633730313636393237373436393536373266653237623036383066663934336331
34376231666632616636343933623663666134386134353336356166643933623663303030353033
39306335343261333265383537343232343835623730383338653739343264613435373130303963
66666435353464346562303438316233373632356135333564346532383239343431343637373164
61363463306233633765303461616135633462366630336366353236356639306433366630336335
31623063316362633535303937323839343035313632323265643439646130393537646662613339
33633866623534313836353338313530663838663961656436353261653737666233386630346637
61633436336263306634653765613862666163323639613932363438633938366439343362303363
33643338363839643762303864393437623236613963313861623665636137663662326430386530
35333264303336363866346638373630386634383964363533316134633032383533383135663337
37353131656263366464373165336333623366396265333334613535326430346239333830643439
63333337663964623330393630363535343834356332323734633538656230323031303635346563
33656237393938303037613436313630323635623137323434336333623638633866306362613763
35303266303038613330306635373764636630313339646665386463333138613438383639343163
37633634616162343730363930663431363130643631623765383166336461383065333734333033
33613565336235633665666132303634336361323638343134656266343766356231393634623766
31613637376139343564346134653232353163386133643066366336336261643433373936396661
33336531336239323131633032343863316339343330343039626535316332313038376433366663
61663239313035383630656665333662386636653137343533656365346138323165393263343464
34656237303334383638383663333833313034656466373530656236363161363462383633373430
66356137396338363965393838343036383631353366386639353438383531343438386365373133
63633262353232393536326263666439303461356635366634376439313864383366666134333033
36373536303735343230313264623063613734393732623237356535393932353732383037316432
32616635343532663932383938303062616161383930633137366264393066363963616662366235
64373932316539366432613330623638346262323837363938323231666338326263663832373030
37323238386632613664333761333837633161346265623962333435333264353239613365346234
32646435353637333761656137343431333932616564353165306431363137623834303366316638
35313530313564356534333466316438343864313134613062353262383536373235646334306264
34623763613265386466313963656463333932663361333264616430373137656135616139363734
31323538636134633434396137363961333063343761366231343330313137626166366237643939
35306635666431396336326632326237393434633431383833636133643436386439313866303062
35313037623230343739343133393336386639393035323037633235363237343838303031376463
63623734353836303061323936643632313838646435646465656263633839396130383136323036
32643366383833323462633237626461616535393261333336323662323739346337616235386536
33323132323364633337633864386362396665366633303132333432646533353439343833386439
34636366386337373130396266366164333831616132383038616162313163613633346238383737
31356131623863343064343662326263376165396264303831656231373664386638393166376561
34333737393033346137386431636630306465313138666631663435323561613262396462303139
63303064626530613463633863636561366230373034353062646334646463326361663435643865
61616161663763646536646365643362306238393061396138373437613663663631363639363834
36356535663863653465303734306466333138353561633232363739393031303462376532383865
32383537313161373238653737383866616530653764383063643562376365336461373663663265
30643836616662373031396535336332333838326436326363346337393366656333333234326639
31346664366333613662356537646261666333323166653534373437393436386463633835346465
32636435666536346536346661343839636134316637326539653766393632346661383237363961
32303439616139306335333330643133656636313964346635633835653231633831643037613138
33636334326336623063343833396539396361643737313836376635393533623062326332353832
39626234353737316339636530616534383438316134346636393931623866303035633636353237
35633238383764306438383837653436663638336266343964313663303834376539623731643035
32633037363163366630326434306633326336643130656136396566313131356563333834326661
66613461643261353732633031376130663562643938316561633135356435666531303765356436
64303939376330626135626234353632623863656363376133636630343666343766356236633464
31623766303762656533366238643232633636653433633738353461363263333036616330336566
36316333633131363762326132646130313861303034623930343763613539393235346137666636
32663036393263363934353932383332343939383366643131323364653831383030656362643433
35313438313630343836323531303535313961643766653738626232366436383530653238333264
31393462653766313363343433666534663637663036346166333938353838666162396131653934
33623838366561653933393566626230316437373730336461623865326265366332386362623630
62303264353834383931346562646664666332383763323537376363356236306435353263353135
62623530643137323762323730636431613262306438313362613137636434656630373865613332
32646431356366643139646636363233396533303232396337636236383130363865616235343134
63373164383137363332663030343238656233636566316638656437323837396230396135303932
65666131663531303664663133653432613433653230633037313836366633623831613330396136
37316566323238313162653033316431336334323863376130343861656464393164623861646566
32623637623538306237386234396630386235383236633932346665613933336235346536373838
32653532356663653363343137623666323263653733386639313361666434643630363362646631
65323737336230623332336364316630623937666164653931666265643939353765616463353933
36323765653338663936636363646463316662393633653934613133343266346534643130646233
37653561396233336531663663343738336630343138623965663532386366663539626335366164
38613766653033343735633333363464636535653339643636646536356138396461393239373434
30613331373764633733666336386436376233333839663662613432353233303438303134323266
64343163653962623338316337643238373865613338383631353033303036336136616262306662
61343835353531353265363030643233626639663338613430333937633039393734373334353434
32376439343031623430333766333064333739333837613231653461376634373731356362343039
63656537303637323339616364656165363832393463363863383531393165303466306133393637
65633465343433373964396231336130396330383933626463393864383939626437643264303234
33343461326238636439303164656435306136363431623466333265663737626431396266613461
38663132633230643438313039636632626661313565396231323731636239666633316361353731
64366236396463343038646630653238653638346337343933393365623062323962336164343131
33346134613636653562613134346238333933616665343562336261666330653966613863623766
32613964343963323961363864343261396664666366353965613036383565323533353936383066
39653438376631396337336564383963333034393936323535633439373662316237346535653638
39653633643361356661393565653835306637356463623832633062636165633330666331353635
30386131336436643538393631376465343332306466383564366632636237353333663034666538
64653163353936343261326464313735653534656364303661353333613731346139666361333663
35353663636637306261616365623261616263643832663137343634393333303639373134306536
30623935616339303238313733383434326630373062343937653533313437313539303231326135
30383331306230653861636263646131333762646432613165653237623264616262636132383337
66643732393737303134366565353931366130363039313837323335343564613431663638663736
63363239323138666533643237656666316637653263626332323735626634383464663632303933
66656337323435653437323632313931656137343562343966353238663565343833343637333938
30653031376261636164353266333836363836333164613161303834356465386536653633346634
32343539623537633535613234313630306438643463306238323333363663626236323539326464
65613066613735386130326363343663643431613239623862646161336230303463663736393537
36633933313864616262643563636164623433346534336665316138646434343362323362363465
31363038303834633462653166353865383530303538303532623836353564363563376633633566
61613232623036663534346336366136363530343963373464363639313834373561393439636531
33656533653738353566306563363966643030316232393238306439383839636137326362353964
36666235663865373464346263373862356362353036396561323062666239646233653034303562
35373438666235323737363365373635303164613239633366663131313362636662363130366237
62626466316133333536373638383538383964353331323238306236366135356531626435373533
37636366323264353332313336643864366136366132373234306636386239363066313764326462
62613131363361386436393962643034616636386365313362363936613732616631626535376164
61363835323435623765613635383533393334383831623839663161326633663964663565363534
65393835353562323661383038616466303433366234653235343836393531343039313163396132
34633830303035353639643135336234356462643033613035366431313064356636623837393635
38613465376534383364366539356136323665366536313936663066393363616665663339643839
63373632343565616265666562626366396363363663616231343362346530666339353938376662
66623733376264333930616435653863383837383938383039383231366538313239333338373562
61356434393065613361643532643864346339356164613536336434336131383536623437326565
37643532366166356561323239366530613132653064366262326663393139343437306137306361
33623832356162666465656666346135666130623966643437343034343731363865626233316564
37636563633035656136386635636435303439353534343235363463646339633031656430326563
61393266626234393634333463363637363530636533386461393331633036646663323039663465
39303661643530363963383462663730366464373238633032653231353337363334303237636465
65373836383136356166343063616635363339373834616636643436333138393661363838306332
30626232393831356130336633653639633331643263663762396433323138613734383931303061
31613732656336383535613131333638663539633832656239323635343931376130346363626637
32316262643834363063386532633737656136316339656336363466396637393061613735323361
35656463343533396663666535633162616138623538323231623933656631383137653536353964
39346161376233636465626133396364633166306631643238633035623863346531373761643562
33386430303034366265643862333331303639316635663265383037653830633633646239373762
34636638666661313436613965366162323761623230396538623465623364356264333661373636
38353363643864633065396537306338303437656538386137333065653233323437396134653037
66386435633462653661373438633530356236366161363765633235373232373033353034656333
35303335623864656636633965633165663934336265663437313834326365363936326262303032
30616237383235353431383164653630323563373665643866373232653732383938336432653935
62663735343736316231653062393961656466323832386234633964323631306565643065656164
31613638356130306163626437393264366135316165333063623734343635333033343531373162
39653334323061323762303037343932623539663333613536313134326464363137643430653763
34666361313839366533366630373061306130326565346261346436383433633139313130646439
34323162383064303933336463373134663234653333356539666236633165626165353934346139
63363761316639366564396362656339623131306634323761326239373863326234343735306462
39663130386465613161383062646433656337363863383439653862333964656366343830366337
62393837386262326336373166643539393833653230643430306564656431623339653565316433
62636361633065653234346332643862373533323530636230383333663063353431383061373336
63346364643362326366383634373063336435626264616264356564353266393362353563396261
61646437623131393162653066663432333230636561663433663762633131313965393239613130
39333664396365396566656536383138353337386635633036663663626563656565353935303639
61343936633734343333653964656432363733383534383765386531313536356262393733323861
32323638663932343435636565396535616136306262383662616139343534363461383831313335
66623934333539386131353663306430323362333064343131386539353461346132356633323730
66316431643230393362633064623566353066663938633736663834373034353231383130306335
64376339396434623666336236316230393331623337346565643137353935663831613863663865
30323164613930313234383766363434616234646539383230633864636438613038343135363862
61643961366336363537643630613839303739313939666165373762386131376239363437643366
32653230656631613539326364646366376338643764386566663335323365373536396636333561
34323366333266663866336463363430653465353162356532353064353637366432613835343237
32626262656264346365353565346331663062363866333761393264366365653936376530623666
30623133336632303034353335613133613834653334633839666231383130326466303765643930
32376439636534666664356639663333343031353166616439376137383339353161313539353232
35353538323166303539366364343863346461336462363538643033626530323137663431363331
32663232333332306237323530303263343063366661333232353634636139636438333533363664
64303964313738646536386366613736623737363231663362396166336565656236646137383065
66646133323839653764356162346661313730313136353535666333323231376164653438373132
37353262623566336630333762343734616363636335326238326432633833313330633664333533
62386461346363346435366166393566623030376262356262353462326661393031356632633461
64663936623662633636383039633365343630356339383535626539313337313933653563336261
37626363376638393633313566333839373731653438633334343039613433323662366237376364
30643862396433336462323237623234343235613232666365643562396131616564386363303332
39373763656461306335613435376132336331653637353963316239343162333439626632313833
30386562306435303264333761633732386534623335303435323865363737376161363137633866
35393564386136346462333730393532306539376530646439623737616132333130386462376336
34636133643336333333373064636130326136376334326537363934323766623364656362626537
63333263336465666434373566663765353637313762656234623564373437306337366162636338
35353233333837613162613838646133383535656337373061346137643337333265393334633163
31613835613035373562653164396661366230663735353862633231633133643132346266363064
36393931306133343966613839633636663434663035343661313731663833366263313531383565
34373139383730366334653536393335303231656135383865623235323937393262323537633564
34646164393939653131343835353739303566343262663763393061653564386364373564613961
30306439663735353762323464383430663230323638343835323962613836646635386139326639
38316239396530333163643561356231633561323638333863636264643734326433633838313466
33653230313830383032356232663539623965653566623132373139326431333936383136616632
33343564353236373330343035646638333462633736353530343137326539396637326164666562
31336165393361623333613265373366643236333262646237633930663536626466303235643063
61346130376362366330343839313738366138373132386361663530396234333739333463616433
38393431383334626463373336663163323062656130373665643664383334353832396362323366
64326164633761656634623465373230353065616533306637353861303038303933333439613666
643737623836643532383335363336323732
